0 0.362998 0.773438 0.590164 0.378125
0 0.305621 0.131250 0.199063 0.181250
0 0.796253 0.354687 0.407494 0.396875
0 0.834895 0.871875 0.320843 0.162500
0 0.110070 0.407813 0.215457 0.109375
0 0.298595 0.418750 0.035129 0.100000
0 0.392272 0.476562 0.077283 0.103125
0 0.490632 0.553125 0.044496 0.062500
0 0.393443 0.360938 0.103044 0.046875
0 0.572600 0.078125 0.152225 0.125000
0 0.798595 0.070312 0.098361 0.134375
0 0.254098 0.521875 0.021077 0.025000
0 0.017564 0.726562 0.030445 0.046875
0 0.032787 0.959375 0.060890 0.081250
0 0.524590 0.987500 0.060890 0.025000
