0 0.391148 0.068750 0.088517 0.125000
0 0.501196 0.268750 0.059809 0.106250
0 0.594498 0.450000 0.093301 0.168750
0 0.673445 0.639062 0.117225 0.084375
0 0.733254 0.801562 0.093301 0.109375
0 0.338517 0.879687 0.141148 0.240625
0 0.131579 0.981250 0.258373 0.037500
0 0.101675 0.795312 0.074163 0.309375
0 0.028708 0.853125 0.052632 0.143750
0 0.196172 0.425000 0.181818 0.381250
0 0.259569 0.107813 0.050239 0.209375
0 0.851675 0.976562 0.296651 0.046875
0 0.917464 0.903125 0.026316 0.087500
0 0.811005 0.014063 0.373206 0.021875
